(comment)
;;; font data for tvhare package

(version)

(hare-font-def 0.		;;; null
               (3. 2. 7. 2.)
               (7. 2.)
               (7. 2. 7. 7.)
               (7. 7.)
               (7. 7. 3. 7.)
               (3. 7.)
               (3. 7. 3. 2.)
               (3. 2.))

(hare-font-def 1.		;;; control-A
               (5. 2. 5. 7.)    ;;; down-arrow
               (5. 7. 7. 5.)
               (5. 7. 3. 5.))

(hare-font-def 2.		;;; control-B
               (7. 3. 5. 5.)    ;;; alpha
               (5. 5. 4. 3.)
               (4. 3.)
               (4. 3. 3. 3.)
               (3. 3.)
               (3. 3. 2. 4.)
               (2. 4.)
               (2. 4. 2. 6.)
               (2. 6.)
               (2. 6. 3. 7.)
               (3. 7.)
               (3. 7. 5. 5.)
               (5. 5.)
               (5. 5. 7. 7.))

(hare-font-def 3.		;;; control-C
               (3. 7. 4. 8.)	;;; beta
               (4. 8.)
               (4. 8. 5. 8.)
               (5. 8.)
               (5. 8. 6. 7.)
               (6. 7.)
               (6. 7. 6. 6.)
               (6. 6.)
               (6. 6. 4. 4.)
               (4. 4.)
               (4. 4. 6. 3.)
               (6. 3.)
               (6. 3. 5. 1.)
               (5. 1.)
               (5. 1. 4. 1.)
               (4. 1.)
               (4. 1. 3. 3.)
               (3. 3.)
               (3. 3. 3. 6.)
               (3. 6.)
               (3. 6. 2. 8.))

(hare-font-def 4.		;;; control-D
               (2. 4. 5. 1.)	;;; same as (ascii 94.)
               (5. 1. 8. 4.)	;;; carat
               (5. 1.))

(hare-font-def 5.		;;; control-E
               (2. 4. 7. 4.)	;;; negation sign
               (7. 4.)
               (7. 4. 7. 5.))

(hare-font-def 6.		;;; control-F
               (7. 2. 6. 2.)	;;; epsilon
               (6. 2.)
               (6. 2. 4. 3.)
               (4. 3.)
               (4. 3. 3. 4.)
               (3. 4.)
               (3. 4. 3. 6.)
               (3. 6.)
               (3. 6. 4. 7.)
               (4. 7.)
               (4. 7. 6. 8.)
               (6. 8.)
               (6. 8. 7. 8.)
               (3. 5. 5. 5.)
               (3. 5.))

(hare-font-def 7.		;;; control-G
               (2. 4. 3. 3.)	;;; pi
               (3. 3.)
               (3. 3. 7. 3.)
               (7. 3.)
               (7. 3. 8. 2.)
               (4. 3.)
               (4. 3. 3. 8.)
               (6. 3.)
               (6. 3. 7. 8.))

(hare-font-def 8.		;;; control-H
               (2. 3. 3. 2.)	;;; lambda
               (3. 2.)
               (3. 2. 8. 7.)
               (5. 4.)
               (5. 4. 3. 8.))

(hare-font-def 9.		;;; control-I
               (2. 2. 5. 4.)	;;; gamma
               (5. 4. 8. 2.)
               (5. 4. 7. 6.)
               (7. 6.)
               (7. 6. 7. 7.)
               (7. 7.)
               (7. 7. 6. 8.)
               (6. 8.)
               (6. 8. 4. 8.)
               (4. 8.)
               (4. 8. 3. 7.)
               (3. 7.)
               (3. 7. 3. 6.)
               (3. 6.)
               (3. 6. 5. 4.)
               (5. 4.))		;;; {5. 4. had even parity}

(hare-font-def 10.		;;; control-J
               (6. 3. 5. 2.)	;;; delta
               (5. 2.)
               (5. 2. 3. 4.)
               (3. 4.)
               (3. 4. 6. 6.)
               (6. 6.)
               (6. 6. 6. 7.)
               (6. 7.)
               (6. 7. 5. 8.)
               (5. 8.)
               (5. 8. 4. 8.)
               (4. 8.)
               (4. 8. 3. 7.)
               (3. 7.)
               (3. 7. 3. 6.)
               (3. 6.)
               (3. 6. 4. 5.))

(hare-font-def 11.		;;; control-K
               (3. 4. 5. 2.)	;;; uparrow
               (5. 2. 7. 4.)
               (5. 2. 5. 7.))

(hare-font-def 12.		;;; control-L
               (2. 4. 8. 4.)	;;; plus-or-minus
               (5. 2. 5. 6.)
               (5. 4.)
               (2. 7. 8. 7.))

(hare-font-def 13.		;;; control-M
               (4. 2. 6. 2.)	;;; circled-plus
               (6. 2.)
               (6. 2. 8. 4.)
               (8. 4.)
               (8. 4. 8. 6.)
               (8. 6.)
               (8. 6. 6. 8.)
               (6. 8.)
               (6. 8. 4. 8.)
               (4. 8.)
               (4. 8. 2. 6.)
               (2. 6.)
               (2. 6. 2. 4.)
               (2. 4.)
               (2. 4. 4. 2.)
               (4. 2.)
               (5. 2.)
               (5. 2. 5. 8.)
               (5. 8.)
               (2. 5.)
               (2. 5. 8. 5.)
               (8. 5.)
               (5. 5.))

(hare-font-def 14.		;;; control-N
               (2. 5. 3. 4.)	;;; infinity
               (3. 4.)
               (3. 4. 4. 4.)
               (4. 4.)
               (4. 4. 6. 6.)
               (6. 6.)
               (6. 6. 7. 6.)
               (7. 6.)
               (7. 6. 8. 5.)
               (8. 5.)
               (8. 5. 7. 4.)
               (7. 4.)
               (7. 4. 6. 4.)
               (6. 4.)
               (6. 4. 4. 6.)
               (4. 6.)
               (4. 6. 3. 6.)
               (3. 6.)
               (3. 6. 2. 5.)
               (2. 5.)
               (5. 5.))

(hare-font-def 15.		;;; control-O
               (3. 2. 4. 2.)	;;; another delta (?)
               (4. 2.)
               (4. 2. 6. 3.)
               (6. 3.)
               (6. 3. 7. 5.)
               (7. 5.)
               (7. 5. 7. 7.)
               (7. 7.)
               (7. 7. 6. 8.)
               (6. 8.)
               (6. 8. 4. 8.)
               (4. 8.)
               (4. 8. 3. 7.)
               (3. 7.)
               (3. 7. 3. 6.)
               (3. 6.)
               (3. 6. 4. 5.)
               (4. 5.)
               (4. 5. 6. 5.))

(hare-font-def 16.		;;; control-P
               (7. 2. 5. 2.)	;;; subset-of
               (5. 2.)
               (5. 2. 3. 3.)
               (3. 3.)
               (3. 3. 2. 4.)
               (2. 4.)
               (2. 4. 2. 5.)
               (2. 5.)
               (2. 5. 3. 6.)
               (3. 6.)
               (3. 6. 5. 7.)
               (5. 7.)
               (5. 7. 7. 7.))

(hare-font-def 17.		;;; control-Q
               (2. 2. 4. 2.)	;;; superset-of
               (4. 2.)
               (4. 2. 6. 3.)
               (6. 3.)
               (6. 3. 7. 4.)
               (7. 4.)
               (7. 4. 7. 5.)
               (7. 5.)
               (7. 5. 6. 6.)
               (6. 6.)
               (6. 6. 4. 7.)
               (4. 7.)
               (4. 7. 2. 7.))

(hare-font-def 18.		;;; control-R
               (2. 8. 2. 5.)	;;; intersection
               (2. 5.)
               (2. 5. 3. 3.)
               (3. 3.)
               (3. 3. 4. 2.)
               (4. 2.)
               (4. 2. 5. 2.)
               (5. 2.)
               (5. 2. 6. 3.)
               (6. 3.)
               (6. 3. 7. 5.)
               (7. 5.)
               (7. 5. 7. 8.))

(hare-font-def 19.		;;; control-S
               (2. 2. 2. 5.)	;;; union
               (2. 5.)
               (2. 5. 3. 7.)
               (3. 7.)
               (3. 7. 4. 8.)
               (4. 8.)
               (4. 8. 5. 8.)
               (5. 8.)
               (5. 8. 6. 7.)
               (6. 7.)
               (6. 7. 7. 5.)
               (7. 5.)
               (7. 5. 7. 2.))

(hare-font-def 20.		;;; control-T
               (3. 2. 5. 8.)	;;; forall
               (5. 8.)
               (5. 8. 7. 2.)
               (4. 5. 6. 5.)
               (4. 5.)
               (6. 5.))

(hare-font-def 21.		;;; control-U
               (3. 3. 7. 2.)	;;; there-exists
               (7. 2.)
               (7. 2. 7. 7.)
               (7. 7.)
               (7. 7. 2. 8.)
               (7. 4.)
               (7. 4. 5. 5.))

(hare-font-def 22.		;;; control-V
               (2. 4. 4. 2.)	;;; circled-times
               (4. 2.)
               (4. 2. 6. 2.)
               (6. 2.)
               (6. 2. 8. 4.)
               (8. 4.)
               (8. 4. 8. 6.)
               (8. 6.)
               (8. 6. 6. 8.)
               (6. 8.)
               (6. 8. 4. 8.)
               (4. 8.)
               (4. 8. 2. 6.)
               (2. 6.)
               (2. 6. 2. 4.)
               (2. 4.)
               (3. 3.)
               (3. 3. 7. 7.)
               (7. 7.)
               (5. 5.)
               (7. 3.)
               (7. 3. 3. 7.)
               (3. 7.))

(hare-font-def 23.		;;; control-W
               (3. 4. 2. 5.)	;;; equiv. arrows
               (2. 5. 3. 6.)
               (2. 5. 7. 5.)
               (7. 5. 6. 4.)
               (7. 5. 6. 6.))

(hare-font-def 24.		;;; control-X
               (3. 4. 2. 5.)	;;; <- arrow
               (2. 5. 3. 6.)
               (2. 5. 7. 5.))

(hare-font-def 25.		;;; control-Y
               (2. 5. 7. 5.)	;;; -> arrow
               (7. 5. 6. 4.)
               (7. 5. 6. 6.))

(hare-font-def 26.		;;; control-Z
               (2. 4. 7. 4.)	;;; not-equal-to
               (2. 6. 7. 6.)
               (6. 2. 3. 8.)
               (5. 4.)
               (4. 6.))

(hare-font-def 27.		;;; altmode
               (3. 5. 5. 2.)	;;; {diamond}
               (5. 2.)
               (5. 2. 7. 5.)
               (7. 5.)
               (7. 5. 5. 8.)
               (5. 8.)
               (5. 8. 3. 5.)
               (3. 5.))

(hare-font-def 28.		;;; less-or-equal
               (7. 2. 3. 4.)
               (3. 4.)
               (3. 4. 7. 6.)
               (3. 7. 7. 7.)
               (7. 7.))		;;; {avoid "touching"}

(hare-font-def 29.		;;; greater-or-equal
               (3. 2. 7. 4.)
               (7. 4.)
               (7. 4. 3. 6.)
               (3. 7.)		;;; {avoid "touching"}
               (3. 7. 7. 7.))

(hare-font-def 30.		;;; equiv-sign
               (3. 3. 7. 3.)
               (3. 5. 7. 5.)
               (3. 7. 7. 7.))

(hare-font-def 31.		;;; logor: '||
               (2. 2. 5. 5.)
               (5. 5.)
               (5. 5. 8. 2.))

(hare-font-def 32.)		;;; blank (space)

(hare-font-def 33.		;;; excl (!)
               (4. 1. 6. 1.)
               (4. 1. 4. 6.)
               (6. 1. 6. 6.)
               (4. 6. 6. 6.)
               (4. 1.)
               (6. 1.)
               (4. 6.)
               (6. 6.)
               (5. 7. 6. 8.)
               (5. 7.)
               (6. 8.)
               (6. 8. 4. 8.)
               (4. 8.)
               (4. 8. 5. 7.))

(hare-font-def 34.		;;; double-quotes
               (3. 2. 3. 4.)
               (6. 2. 6. 4.))

(hare-font-def 35.		;;; number-sign
               (3. 4. 7. 4.)
               (3. 6. 7. 6.)
               (4. 3. 4. 7.)
               (6. 3. 6. 7.)
               (4. 4.)
               (6. 4.)
               (4. 6.)
               (6. 6.))

(hare-font-def 36.		;;; $
               (7. 4. 6. 3.)
               (6. 3.)
               (6. 3. 4. 3.)
               (4. 3.)
               (4. 3. 3. 4.)
               (3. 4.)
               (3. 4. 4. 5.)
               (4. 5.)
               (4. 5. 6. 5.)
               (6. 5.)
               (6. 5. 7. 6.)
               (7. 6.)
               (7. 6. 6. 7.)
               (6. 7.)
               (6. 7. 4. 7.)
               (4. 7.)
               (4. 7. 3. 6.)
               (5. 2. 5. 8.)
               (5. 3.)
               (5. 7.))

(hare-font-def 37.		;;; %
               (7. 2. 2. 7.)	;;; {the slash}
               (2. 2. 3. 1.)	;;; {top box}
               (3. 1.)
               (3. 1. 4. 2.)
               (4. 2.)
               (4. 2. 3. 3.)
               (3. 3.)
               (3. 3. 2. 2.)
               (2. 2.)
               (6. 6. 7. 5.)	;;; {bottom box}
               (7. 5.)
               (7. 5. 8. 6.)
               (8. 6.)
               (8. 6. 7. 7.)
               (7. 7.)
               (7. 7. 6. 6.)
               (6. 6.))

(hare-font-def 38.		;;; &
               (7. 6. 5. 8.)
               (5. 8.)
               (5. 8. 4. 8.)
               (4. 8.)
               (4. 8. 3. 7.)
               (3. 7.)
               (3. 7. 3. 6.)
               (3. 6.)
               (3. 6. 4. 4.)
               (4. 4. 5. 3.)
               (5. 3.)
               (5. 3. 4. 2.)
               (4. 2.)
               (4. 2. 3. 3.)
               (3. 3.)
               (3. 3. 5. 5.)
               (5. 5.)
               (5. 5. 6. 7.)
               (6. 7. 7 8.))

(hare-font-def 39.		;;; (closed) single-quote '|'|
               (5. 2. 5. 3.)
               (5. 3.)
               (5. 3. 4. 4.))

(hare-font-def 40.		;;; left-paren '|(|
               (5. 1. 4. 2.)
               (4. 2.)
               (4. 2. 3. 4.)
               (3. 4.)
               (3. 4. 3. 5.)
               (3. 5.)
               (3. 5. 4. 7.)
               (4. 7.)
               (4. 7. 5. 8.))

(hare-font-def 41.		;;; right-paren '|)|
               (4. 1. 5. 2.)
               (5. 2.)
               (5. 2. 6. 4.)
               (6. 4.)
               (6. 4. 6. 5.)
               (6. 5.)
               (6. 5. 5. 7.)
               (5. 7.)
               (5. 7. 4. 8.))

(hare-font-def 42.		;;; *
               (2. 5. 8. 5.)
               (5. 2. 5. 8.)
               (3. 3. 7. 7.)
               (7. 3. 3. 7.)
               (5. 5.))

(hare-font-def 43.		;;; +
               (3. 5. 7. 5.)
               (5. 3. 5. 7.)
               (5. 5.))

(hare-font-def 44.		;;; comma
               (4. 5. 5. 5.)
               (5. 5.)
               (5. 5. 6. 6.)
               (6. 6.)
               (6. 6. 4. 8.))

(hare-font-def 45.		;;; minus-sign '|-|
               (3. 4. 7. 4.))

(hare-font-def 46.		;;; period '|.|
               (4. 7. 5. 7.)
               (5. 7.)
               (5. 7. 5. 8.)
               (5. 8.)
               (5. 8. 4. 8.)
               (4. 8.)
               (4. 8. 4. 7.)
               (4. 7.))

(hare-font-def 47.		;;; slash '//
               (7. 2. 2. 7.))

(hare-font-def 48.		;;; 0 (zero)
               (6. 1. 4. 1.)
               (4. 1. 2. 3.)
               (2. 3. 2. 6.)
               (2. 6. 4. 8.)
               (4. 8. 6. 8.)
               (6. 8. 8. 6.)
               (8. 6. 8. 3.)
               (8. 3. 6. 1.)
               (3. 7. 7. 2.)
               (6. 1.)
               (4. 1.)
               (2. 3.)
               (2. 6.)
               (2. 6.)
               (4. 8.)
               (6. 8.)
               (8. 6.)
               (8. 3.)
               (7. 2.)
               (3. 7.))

(hare-font-def 49.		;;; 1 (one)
               (3. 3. 5. 1.)
               (5. 1. 5. 8.)
               (2. 8. 8. 8.)
               (5. 1.)
               (5. 8.))

(hare-font-def 50.		;;; 2 (two)
               (2. 3. 4. 1.)
               (4. 1.)
               (4. 1. 6. 1.)
               (6. 1.)
               (6. 1. 8. 3.)
               (8. 3.)
               (8. 3. 8. 4.)
               (8. 4.)
               (8. 4. 6. 5.)
               (6. 5.)
               (6. 5. 4. 5.)
               (4. 5.)
               (4. 5. 2. 7.)
               (2. 7.)
               (2. 7. 2. 8.)
               (2. 8.)
               (2. 8. 8. 8.))

(hare-font-def 51.		;;; 3 (three)
               (2. 3. 2. 2.)
               (2. 2.)
               (2. 2. 3. 1.)
               (3. 1.)
               (3. 1. 7. 1.)
               (7. 1.)
               (7. 1. 8. 2.)
               (8. 2.)
               (8. 2. 8. 3.)
               (8. 3.)
               (8. 3. 6. 4.)
               (6. 4.)
               (6. 4. 5. 4.)
               (5. 4.)
               (5. 4. 6. 5.)
               (6. 5.)
               (6. 5. 8. 6.)
               (8. 6.)
               (8. 6. 8. 7.)
               (8. 7.)
               (8. 7. 7. 8.)
               (7. 8.)
               (7. 8. 3. 8.)
               (3. 8.)
               (3. 8. 2. 7.)
               (2. 7.)
               (2. 7. 2. 6.))

(hare-font-def 52.		;;; 4 (four)
               (2. 1. 2. 4.)
               (2. 4. 8. 4.)
               (6. 1. 6. 8.)
               (2. 4.)
               (6. 4.))

(hare-font-def 53.		;;; 5 (five)
               (7. 1. 2. 1.)
               (2. 1. 2. 4.)
               (2. 4. 6. 4.)
               (6. 4. 8. 6.)
               (8. 6. 8. 7.)
               (8. 7. 7. 8.)
               (7. 8. 2. 8.)
               (2. 1.)
               (2. 4.)
               (6. 4.)
               (8. 6.)
               (8. 7.)
               (7. 8.))

(hare-font-def 54.		;;; 6 (six)
               (7. 2. 6. 1.)
               (6. 1.)
               (6. 1. 4. 1.)
               (4. 1.)
               (4. 1. 3. 3.)
               (3. 3.)
               (3. 3. 2. 6.)
               (2. 6. 2. 7.)
               (2. 7.)
               (2. 7. 3. 8.)
               (3. 8.)
               (3. 8. 7. 8.)
               (7. 8.)
               (7. 8. 8. 7.)
               (8. 7.)
               (8. 7. 8. 6.)
               (8. 6.)
               (8. 6. 7. 5.)
               (7. 5.)
               (7. 5. 3. 5.)
               (3. 5.)
               (3. 5. 2. 6.))

(hare-font-def 55.		;;; 7 (seven)
               (2. 2. 2. 1.)
               (2. 1.)
               (2. 1. 8. 1.)
               (8. 1.)
               (8. 1. 8. 3.)
               (8. 3.)
               (8. 3. 6. 4.)
               (6. 4.)
               (6. 4. 4. 6.)
               (4. 6.)
               (4. 6. 3. 8.))

(hare-font-def 56.		;;; 8 (eight)
               (3. 1. 7. 1.)
               (7. 1.)
               (7. 1. 8. 2.)
               (8. 2.)
               (8. 2. 8. 3.)
               (8. 3.)
               (8. 3. 7. 4.)
               (7. 4. 3. 4.)
               (3. 4. 2. 3.)
               (2. 3.)
               (2. 3. 2. 2.)
               (2. 2.)
               (2. 2. 3. 1.)
               (3. 1.)
               (7. 4. 8. 6.)
               (8. 6.)
               (8. 6. 8. 7.)
               (8. 7.)
               (8. 7. 7. 8.)
               (7. 8.)
               (7. 8. 3. 8.)
               (3. 8.)
               (3. 8. 2. 7.)
               (2. 7.)
               (2. 7. 2. 6.)
               (2. 6.)
               (2. 6. 3. 4.))

(hare-font-def 57.		;;; 9 (nine)
               (6. 1. 7. 2.)
               (6. 1. 4. 1.)
               (4. 1. 3. 2.)
               (3. 2. 3. 4.)
               (3. 4. 4. 5.)
               (4. 5. 6. 5.)
               (6. 5.)
               (6. 5. 7. 4.)
               (7. 2. 7. 4.)
               (7. 4. 6. 8.)
               (6. 1.)
               (7. 2.)
               (4. 1.)
               (3. 2.)
               (3. 4.)
               (4. 5.))

(hare-font-def 58.		;;; colon
               (5. 3. 5. 4.)
               (5. 6. 5. 7.))

(hare-font-def 59.		;;; semi-colon
               (4. 5. 5. 5.)
               (5. 5.)
               (5. 5. 6. 6.)
               (6. 6.)
               (6. 6. 4. 8.)
               (4. 3. 4. 4.)
               (4. 4.))

(hare-font-def 60.		;;; less-than
               (6. 3. 3. 5.)
               (3. 5.)
               (3. 5. 6. 7.))

(hare-font-def 61.		;;; equal-sign '|=|
               (3. 4. 7. 4.)
               (3. 6. 7. 6.))

(hare-font-def 62.		;;; greater-than
               (3. 3. 7. 5.)
               (7. 5.)
               (7. 5. 3. 7.))

(hare-font-def 63.		;;; qmark: ?
               (3. 3. 4. 2.)
               (4. 2.)
               (4. 2. 6. 2.)
               (6. 2.)
               (6. 2. 7. 3.)
               (7. 3.)
               (7. 3. 7. 4.)
               (7. 4.)
               (7. 4. 5. 5.)
               (5. 5.)
               (5. 5. 5. 6.)
               (5. 7.)
               (5. 7. 5. 8.))

(hare-font-def 64.		;;; atsign @
               (6. 4.)		;;; {avoid "touching"}
               (6. 4. 4. 4.)
               (4. 4.)
               (4. 4. 4. 6.)
               (4. 6.)
               (4. 6. 7. 6.)
               (7. 6.)
               (7. 6. 7. 2.)
               (7. 2.)
               (7. 2. 2. 2.)
               (2. 2.)
               (2. 2. 2. 8.)
               (2. 8.)
               (2. 8. 7. 8.))

(hare-font-def 65.		;;; uppercase A
               (4. 1. 3. 5.)
               (4. 1. 6. 1.)
               (3. 5. 2. 8.)
               (6. 1. 7. 5.)
               (7. 5. 8. 8.)
               (3. 5. 7. 5.)
               (4. 1.)
               (6. 1.))

(hare-font-def 66.		;;; uppercase B
               (2. 1. 6. 1.)
               (6. 1. 7. 2.)
               (7. 2. 7. 3.)
               (7. 3. 6. 4.)
               (6. 4. 8. 5.)
               (8. 5. 8. 7.)
               (8. 7. 6. 8.)
               (6. 8. 2. 8.)
               (2. 8. 2. 4.)
               (2. 4. 2. 1.)
               (2. 4. 6. 4.)
               (2. 1.)
               (6. 1.)
               (7. 2.)
               (7. 3.)
               (8. 5.)
               (8. 7.)
               (6. 8.)
               (2. 8.))

(hare-font-def 67.		;;; uppercase C
               (8. 2. 6. 1.)
               (6. 1.)
               (6. 1. 5. 1.)
               (5. 1.)
               (5. 1. 3. 2.)
               (3. 2.)
               (3. 2. 2. 4.)
               (2. 4.)
               (2. 4. 2. 5.)
               (2. 5.)
               (2. 5. 3. 7.)
               (3. 7.)
               (3. 7. 5. 8.)
               (5. 8.)
               (5. 8. 6. 8.)
               (6. 8.)
               (6. 8. 8. 7.))

(hare-font-def 68.		;;; uppercase D
               (2. 1. 6. 1.)
               (6. 1. 8. 3.)
               (8. 3. 8. 6.)
               (8. 6. 6. 8.)
               (6. 8. 2. 8.)
               (2. 8. 2. 1.)
               (2. 1.)
               (6. 1.)
               (8. 3.)
               (8. 6.)
               (6. 8.)
               (2. 8.))

(hare-font-def 69.		;;; uppercase E
               (8. 1. 3. 1.)
               (3. 1. 3. 8.)
               (3. 8. 8. 8.)
               (3. 4. 7. 4.)
               (3. 1.)
               (3. 4.)
               (3. 8.))

(hare-font-def 70.		;;; uppercase F
               (3. 1. 3. 8.)
               (3. 1. 8. 1.)
               (3. 4. 7. 4.)
               (3. 1.)
               (3. 4.))

(hare-font-def 71.		;;; uppercase G
               (8. 2. 6. 1.)
               (6. 1. 4. 1.)
               (4. 1. 2. 2.)
               (2. 2. 1. 4.)
               (1. 4.)
               (1. 4. 1. 5.)
               (1. 5.)
               (1. 5. 2. 7.)
               (2. 7.)
               (2. 7. 3. 8.)
               (3. 8.)
               (3. 8. 6. 8.)
               (6. 8. 8. 6.)
               (8. 6. 8. 5.)
               (8. 5. 5. 5.)
               (6. 1.)
               (4. 1.)
               (2. 2.)
               (6. 8.)
               (8. 6.)
               (8. 5.))

(hare-font-def 72.		;;; uppercase H
               (3. 1. 3. 8.)
               (8. 1. 8. 8.)
               (3. 4. 8. 4.)
               (3. 4.)
               (8. 4.))

(hare-font-def 73.		;;; uppercase I
               (2. 1. 8. 1.)
               (2. 8. 8. 8.)
               (5. 1. 5. 8.)
               (5. 1.)
               (5. 8.))

(hare-font-def 74.		;;; uppercase J
               (2. 1. 8. 1.)
               (5. 1. 5. 8.)
               (5. 8. 3. 8.)
               (3. 8. 2. 7.)
               (2. 7. 2. 5.)
               (5. 1.)
               (3. 8.)
               (5. 8.)
               (2. 7.))

(hare-font-def 75.		;;; uppercase K
               (2. 1. 2. 8.)
               (2. 4. 8. 1.)
               (4. 3. 8. 8.)
               (4. 3.)
               (2. 4.))

(hare-font-def 76.		;;; uppercase L
               (3. 1. 3. 8.)
               (3. 8. 8. 8.)
               (3. 8.))

(hare-font-def 77.		;;; uppercase M
               (2. 8. 2. 1.)
               (2. 1. 5. 4.)
               (5. 4. 8. 1.)
               (8. 1. 8. 8.)
               (2. 1.)
               (5. 4.)
               (8. 1.))

(hare-font-def 78.		;;; uppercase N
               (2. 8. 2. 1.)
               (2. 1. 8. 8.)
               (8. 8. 8. 1.)
               (2. 1.)
               (8. 8.))

(hare-font-def 79.		;;; uppercase O
               (4. 1. 2. 3.)
               (2. 3. 2. 6.)
               (2. 6. 4. 8.)
               (4. 8. 6. 8.)
               (6. 8. 8. 6.)
               (8. 6. 8. 3.)
               (8. 3. 6. 1.)
               (6. 1. 4. 1.)
               (4. 1.)
               (2. 3.)
               (2. 6.)
               (4. 8.)
               (6. 8.)
               (8. 6.)
               (8. 3.)
               (6. 1.))

(hare-font-def 80.		;;; uppercase P
               (3. 1. 3. 8.)
               (3. 1. 7. 1.)
               (7. 1. 8. 2.)
               (8. 2. 8. 3.)
               (8. 3. 7. 4.)
               (7. 4. 3. 4.)
               (3. 1.)
               (3. 4.)
               (7. 1.)
               (8. 2.)
               (8. 3.)
               (7. 4.))

(hare-font-def 81.		;;; uppercase Q
               (4. 1. 2. 3.)
               (2. 3. 2. 6.)
               (2. 6. 4. 8.)
               (4. 8. 6. 8.)
               (6. 8. 8. 6.)
               (8. 6. 8. 3.)
               (8. 3. 6. 1.)
               (6. 1. 4. 1.)
               (6. 6. 8. 8.)
               (4. 1.)
               (2. 3.)
               (2. 6.)
               (4. 8.)
               (6. 8.)
               (8. 6.)
               (8. 3.)
               (6. 1.)
               (7. 7.))

(hare-font-def 82.		;;; uppercase R
               (3. 1. 3. 8.)
               (3. 1. 7. 1.)
               (7. 1. 8. 2.)
               (8. 2. 8. 3.)
               (8. 3. 7. 4.)
               (7. 4. 3. 4.)
               (5. 4. 8. 8.)
               (3. 1.)
               (7. 1.)
               (8. 2.)
               (8. 3.)
               (7. 4.)
               (5. 4.)
               (3. 4.))

(hare-font-def 83.		;;; uppercase S
               (8. 3. 6. 1.)
               (6. 1. 4. 1.)
               (4. 1. 2. 3.)
               (2. 3. 8. 6.)
               (8. 6. 6. 8.)
               (6. 8. 4. 8.)
               (4. 8. 2. 6.)
               (6. 1.)
               (4. 1.)
               (2. 3.)
               (8. 6.)
               (6. 8.)
               (4. 8.))

(hare-font-def 84.		;;; uppercase T
               (2. 1. 8. 1.)
               (5. 1. 5. 8.)
               (5. 1.))

(hare-font-def 85.		;;; uppercase U
               (2. 1. 2. 6.)
               (2. 6. 4. 8.)
               (4. 8. 6. 8.)
               (6. 8. 8. 6.)
               (8. 6. 8. 1.)
               (2. 6.)
               (4. 8.)
               (6. 8.)
               (8. 6.))

(hare-font-def 86.		;;; uppercase V
               (2. 1. 5. 8.)
               (5. 8. 8. 1.)
               (5. 8.))

(hare-font-def 87.		;;; uppercase W
               (2. 1. 3. 8.)
               (3. 8. 5. 5.)
               (5. 5. 7. 8.)
               (7. 8. 8. 1.)
               (3. 8.)
               (5. 5.)
               (7. 8.))

(hare-font-def 88.		;;; uppercase X
               (2. 1. 5. 4.)
               (8. 1. 5. 4.)
               (5. 4. 8. 8.)
               (5. 4. 2. 8.)
               (5. 4.))

(hare-font-def 89.		;;; uppercase Y
               (2. 1. 5. 4.)
               (5. 4. 8. 1.)	;;; crossing has odd parity,
               (5. 4. 5. 8.))	;;; so no need to xor the point.

(hare-font-def 90.		;;; uppercase Z
               (2. 1. 8. 1.)
               (2. 8. 8. 8.)
               (3. 4. 8. 4.)
               (8. 1. 6. 4.)
               (6. 4.)
               (2. 8. 5. 4.)
               (5. 4.)
               (8. 1.)
               (2. 8.))

(hare-font-def 91.		;;; left sq bracket: '|[|
               (7. 1. 3. 1.)
               (3. 1. 3. 8.)
               (3. 8. 7. 8.)
               (3. 1.)
               (3. 8.))

(hare-font-def 92.		;;; backslash '|\|
               (2. 1. 8. 8.))

(hare-font-def 93.		;;; right sq bracket: '|]|
               (3. 1. 6. 1.)
               (6. 1. 6. 8.)
               (6. 8. 3. 8.)
               (6. 1.)
               (6. 8.))

(hare-font-def 94.		;;; carat: '|^|
               (2. 4. 5. 1.)	;;; same as ^D (ascii 4.)
               (5. 1. 8. 4.)
               (5. 1.))

(hare-font-def 95.		;;; underscore
               (2. 8. 8. 8.))

(hare-font-def 96.		;;; open-single-quote: '|`|
               (4. 2. 4. 3.)
               (4. 3.)
               (4. 3. 5. 4.))

(hare-font-def 97.		;;; lowercase a
               (6. 2. 4. 2.)
               (4. 2. 2. 4.)
               (2. 4. 2. 6.)
               (2. 6. 4. 8.)
               (4. 8. 6. 8.)
               (6. 8. 8. 7.)
               (8. 5. 6. 2.)
               (8. 4. 8. 8.)
               (6. 2.)
               (4. 2.)
               (2. 4.)
               (2. 6.)
               (4. 8.)
               (6. 8.)
               (8. 7.)
               (8. 5.))

(hare-font-def 98.		;;; lowercase b
               (3. 2. 3. 8.)
               (3. 8. 6. 8.)
               (6. 8. 7. 7.)
               (7. 7. 7. 6.)
               (7. 6. 6. 5.)
               (6. 5. 3. 5.)
               (3. 5.)
               (3. 8.)
               (6. 8.)
               (7. 7.)
               (7. 6.)
               (6. 5.))

(hare-font-def 99.		;;; lowercase c
               (7. 3. 6. 2.)
               (6. 2. 4. 2.)
               (4. 2. 2. 4.)
               (2. 4. 2. 6.)
               (2. 6. 4. 8.)
               (4. 8. 7. 8.)
               (7. 8. 8. 7.)
               (6. 2.)
               (4. 2.)
               (2. 4.)
               (2. 6.)
               (4. 8.)
               (7. 8.))

(hare-font-def 100.		;;; lowercase d
               (7. 2. 7. 8.)
               (7. 8. 4. 8.)
               (4. 8. 3. 7.)
               (3. 7. 3. 6.)
               (3. 6. 4. 5.)
               (4. 5. 7. 5.)
               (7. 5.)
               (7. 8.)
               (4. 8.)
               (3. 7.)
               (3. 6.)
               (4. 5.))

(hare-font-def 101.		;;; lowercase e
               (3. 5. 8. 5.)
               (8. 5. 8. 4.)
               (8. 4. 6. 2.)
               (6. 2. 4. 2.)
               (4. 2. 2. 4.)
               (2. 4. 2. 6.)
               (2. 6. 4. 8.)
               (4. 8. 6. 8.)
               (6. 8. 8. 7.)
               (8. 5.)
               (8. 4.)
               (6. 2.)
               (4. 2.)
               (2. 4.)
               (2. 6.)
               (4. 8.)
               (6. 8.))

(hare-font-def 102.		;;; lowercase f
               (6. 2. 5. 1.)
               (5. 1. 4. 2.)
               (4. 2. 4. 8.)
               (2. 5. 6. 5.)
               (5. 1.)
               (4. 2.)
               (2. 5.)
               (6. 5.)
               (4. 5.))

(hare-font-def 103.		;;; lowercase g
               (7. 2. 7. 6.)
               (7. 2. 4. 2.)
               (4. 2. 3. 3.)
               (3. 4. 4. 5.)
               (3. 3. 3. 4.)
               (4. 5. 7. 5.)
               (7. 6. 7. 7.)
               (7. 7. 6. 8.)
               (6. 8. 5. 8.)
               (5. 8. 3. 7.)
               (7. 7.)
               (7. 2.)
               (4. 2.)
               (3. 3.)
               (3. 4.)
               (7. 6.)
               (7. 5.)
               (4. 5.)
               (6. 8.)
               (5. 8.))

(hare-font-def 104.		;;; lowercase h
               (3. 2. 3. 8.)
               (3. 5. 7. 5.)
               (7. 5. 7. 8.)
               (3. 5.)
               (7. 5.))

(hare-font-def 105.		;;; lowercase i
               (5. 4. 5. 8.)
               (5. 2. 5. 3.)    ;;; {the dot}
               (5. 3.))		;;; {avoid "touching" at scl 1}

(hare-font-def 106.		;;; lowercase j
               (6. 2. 6. 3.)    ;;; {the dot}
               (6. 4. 6. 8.)
               (6. 8. 5. 8.)
               (5. 8. 4. 7.)
               (4. 7. 4. 6.)
               (6. 3.)		;;; {avoid "touching" at scl 1}
               (6. 8.)
               (5. 8.)
               (4. 7.))

(hare-font-def 107.		;;; lowercase k
               (3. 2. 3. 8.)
               (5. 4. 8. 8.)
               (3. 5. 5. 4.)
               (5. 4. 7. 2.)
               (3. 5.))

(hare-font-def 108.		;;; lowercase l
               (6. 1. 6. 8.))

(hare-font-def 109.		;;; lowercase m
               (2. 8. 2. 2.)
               (2. 3. 3. 2.)
               (3. 2. 4. 2.)
               (4. 2. 5. 4.)
               (5. 4. 6. 2.)
               (6. 2. 7. 2.)
               (7. 2. 8. 3.)
               (8. 3. 8. 8.)
               (2. 3.)
               (3. 2.)
               (4. 2.)
               (5. 4.)
               (6. 2.)
               (7. 2.)
               (8. 3.))

(hare-font-def 110.		;;; lowercase n
               (2. 2. 2. 8.)
               (2. 4. 4. 2.)
               (4. 2. 6. 2.)
               (6. 2. 8. 4.)
               (8. 4. 8. 8.)
               (2. 4.)
               (4. 2.)
               (6. 2.)
               (8. 4.))

(hare-font-def 111.		;;; lowercase o
               (2. 4. 4. 2.)
               (4. 2. 6. 2.)
               (6. 2. 8. 4.)
               (8. 4. 8. 6.)
               (8. 6. 6. 8.)
               (6. 8. 4. 8.)
               (4. 8. 2. 6.)
               (2. 6. 2. 4.)
               (4. 2.)
               (6. 2.)
               (8. 4.)
               (8. 6.)
               (6. 8.)
               (4. 8.)
               (2. 6.)
               (2. 4.))

(hare-font-def 112.		;;; lowercase p
               (4. 2. 4. 8.)	;;; {we don't use "descenders"}
               (4. 2. 7. 2.)
               (7. 2. 8. 3.)
               (8. 3. 8. 4.)
               (8. 4. 7. 5.)
               (7. 5. 4. 5.)
               (4. 2.)
               (4. 5.)
               (7. 2.)
               (8. 3.)
               (8. 4.)
               (7. 5.))

(hare-font-def 113.		;;; lowercase q
               (6. 2. 6. 8.)
               (6. 8. 7. 7.)
               (7. 7. 7. 6.)
               (6. 2. 3. 2.)
               (3. 2. 2. 3.)
               (2. 3. 2. 4.)
               (2. 4. 3. 5.)
               (3. 5. 6. 5.)
               (7. 7.)
               (6. 2.)
               (6. 5.)
               (6. 8.)
               (3. 2.)
               (2. 3.)
               (2. 4.)
               (3. 5.))

(hare-font-def 114.		;;; lowercase r
               (3. 2. 3. 8.)
               (3. 4. 5. 2.)
               (5. 2. 7. 2.)
               (7. 2. 8. 3.)
               (3. 4.)
               (5. 2.)
               (7. 2.))

(hare-font-def 115.		;;; lowercase s
               (7. 3. 5. 2.)
               (5. 2.)
               (5. 2. 4. 2.)
               (4. 2.)
               (4. 2. 2. 3.)
               (2. 3.)
               (2. 3. 2. 4.)
               (2. 4.)
               (2. 4. 4. 5.)
               (4. 5.)
               (4. 5. 5. 5.)
               (5. 5.)
               (5. 5. 7. 6.)
               (7. 6.)
               (7. 6. 7. 7.)
               (7. 7.)
               (7. 7. 6. 8.)
               (6. 8.)
               (6. 8. 3. 8.)
               (3. 8.)
               (3. 8. 2. 7.))

(hare-font-def 116.		;;; lowercase t
               (2. 3. 8. 3.)
               (5. 1. 5. 8.)
               (5. 3.))

(hare-font-def 117.		;;; lowercase u
               (3. 2. 3. 6.)
               (3. 6. 4. 8.)
               (4. 8. 7. 8.)
               (7. 8. 8. 6.)
               (8. 6. 8. 2.)
               (8. 6. 8. 8.)
               (7. 8.)
               (4. 8.)
               (3. 6.))

(hare-font-def 118.		;;; lowercase v
               (3. 2. 5. 8.)
               (5. 8. 8. 2.)
               (5. 8.))

(hare-font-def 119.		;;; lowercase w
               (2. 2. 3. 8.)
               (3. 8. 5. 5.)
               (5. 5. 7. 8.)
               (7. 8. 8. 2.)
               (3. 8.)
               (5. 5.)
               (7. 8.))

(hare-font-def 120.		;;; lowercase x
               (8. 2. 2. 8.)
               (2. 2. 8. 8.)
               (5. 5.))

(hare-font-def 121.		;;; lowercase y
               (3. 2. 5. 5.)
               (7. 2. 7. 3.)
               (7. 3. 5. 5.)
               (5. 5. 3. 8.)
               (3. 8. 2. 7.)
               (7. 3.)
               (3. 8.))

(hare-font-def 122. 		;;; lowercase z
               (3. 2. 8. 2.)
               (8. 2. 5. 5.)
               (3. 8. 8. 8.)
               (5. 5. 3. 8.)
               (4. 5. 6. 5.)
               (8. 2.)
               (3. 8.))

(hare-font-def 123.		;;; left curly bracket '|{|
               (6. 2. 5. 2.)
               (5. 2. 4. 3.)
               (4. 3. 4. 4.)
               (4. 4. 3. 5.)
               (3. 5. 4. 6.)
               (4. 6. 4. 7.)
               (4. 7. 5. 8.)
               (5. 8. 6. 8.)
               (5. 2.)
               (4. 3.)
               (4. 4.)
               (3. 5.)
               (4. 6.)
               (4. 7.)
               (5. 8.))

(hare-font-def 124.		;;; vertical bar
               (5. 1. 5. 8.)
               (5. 1.))		;;; {avoid "touching" above}

(hare-font-def 125.		;;; right curly bracket '|}|
               (3. 2. 4. 2.)
               (4. 2. 5. 3.)
               (5. 3. 5. 4.)
               (5. 4. 6. 5.)
               (6. 5. 5. 6.)
               (5. 6. 5. 7.)
               (5. 7. 4. 8.)
               (4. 8. 3. 8.)
               (4. 2.)
               (5. 3.)
               (5. 4.)
               (6. 5.)
               (5. 6.)
               (5. 7.)
               (4. 8.))

(hare-font-def 126.		;;; tilde
               (2. 5. 3. 4.)
               (3. 4.)
               (3. 4. 4. 4.)
               (4. 4.)
               (4. 4. 6. 6.)
               (6. 6.)
               (6. 6. 7. 6.)
               (7. 6.)
               (7. 6. 8. 5.))

(hare-font-def 127.		;;; integral
               (7. 3. 5. 1.)
               (5. 1.)
               (5. 1. 5. 8.)
               (5. 8.)
               (5. 8. 3. 6.))

;;;;;;;;;;;;;;;;;;;;;;;;;;;;;;;;;;;;;;;;;;;;;;;;;;;;;;;;;;;;;;;;
;;; eof
