V
E8S0S-10X22YE58X-17YV
2,-21
3,-20
3,-21
0,-11
4,-11
-1,-12
5,-12
-1,-13
5,-13
2,-10
1,-10
3,-10
2,4
1,4
7,4
6,4
6,6
2,6
5,7
4,7
3,7
5,8
4,8
3,8
4,13
4,14
5,14
E6PE-17X-17YV
-11,0
-11,-4
-12,1
-12,-5
-13,1
-13,-5
-10,-2
-10,-1
-10,-3
4,-2
4,-1
4,-7
4,-6
6,-6
6,-2
7,-5
7,-4
7,-3
8,-5
8,-4
8,-3
13,-4
14,-4
14,-5
E1PE15X28YV
0,0
-1,0
-2,0
-3,0
-4,0
-5,0
-6,0
-7,0
-8,0
-9,0
E7PE-27X-65YV
0,0
1,1
1,2
0,2
2,1
E2PE-31X-19YV
-21,-2
-20,-3
-21,-3
-11,0
-11,-4
-12,1
-12,-5
-13,1
-13,-5
-10,-2
-10,-1
-10,-3
EE4X-38YV
51,28
53,28
51,27
52,27
52,26
EE13X-69YV
1,0
2,0
1,-1
2,-2
3,-2
4,-2
4,-3
EEV
26,29
27,29
27,30
27,31
28,32
29,32
29,31
ERð0`Áƒð0`Áƒð0`Áƒð0`Áƒð0`Áƒð0`Áƒð0`Áƒð0`Áƒð0`Áƒð0`Áƒð0`Áƒð0`Áƒð0`Áƒð0`Áƒð0`Áƒð0`Áƒð0`Áƒð0`Áƒð0`Áƒð0`Áƒð0`Áƒð0`Áƒð0`Áƒð0`Áƒð0`Áƒð0`Áƒð0`Áƒð0`Áƒð0`Áƒð0`Áƒð0`Áƒð0`Áƒð0`Áƒð0`Áƒð0`Áƒð0`Áƒð0`Áƒð0`Áƒð0`Áƒð0`Áƒð0`Áƒð0`Áƒð0`Áƒð0`Áƒð0`Áƒð0`Áƒð0`Áƒð0`Áƒð0`Áƒð0`Áƒð0`Áƒð0`Áƒð0`Áƒð0`Áƒð0`Áƒð0`Áƒð0`Áƒð0`Áƒð0`Áƒð0`Áƒð0`Áƒð0`Áƒð0`Áƒð0`Áƒð0`Áƒð0`Áƒð0`Áƒð0`Áƒð0`Áƒð0`Áƒð0`Áƒð0`Áƒð0`Áƒð0`Áƒð0`Áƒð0`Áƒð0`Áƒð0`Áƒð0`Áƒð0`Áƒð0`Áƒð0`Áƒð0`Áƒð0`Áƒð0`Áƒð0`Áƒð0`Áƒð0`Áƒð0`Áƒð0`Áƒð0`Áƒð0`Áƒð0`Áƒð0`Áƒð0`Áƒð0`Áƒð0`Áƒð0`Áƒð0`Áƒð0`Áƒð0`Áƒð0`Áƒð0`Áƒð0`Áƒð0`Áƒð0`Áƒð0`Áƒ